vesselCount = 17
UT = 365765357.58142918
gameMode = CAREER
gameNull = False
kspVersion = 1.12.5
funds = 4646983.188566287
science = 402
reputationPercent = 73
ongoingContracts = 4
missionCurrentScore = 0
missionIsStarted = False
missionIsEnded = False
missionHistoryId = 00000000-0000-0000-0000-000000000000
missionExpansionVersion = 
saveMD5 = 
lastWriteTime = 638389018275403133
